M945 2281 c-107 -27 -185 -126 -185 -234 0 -73 66 -181 121 -199 8
-3 8 -61 -1 -228 -7 -124 -14 -227 -16 -229 -2 -2 -39 33 -82 79 l-78 84 12
35 c28 78 9 147 -61 217 -82 82 -179 93 -274 30 -58 -39 -101 -118 -101 -186
0 -85 65 -180 145 -210 27 -10 29 -14 100 -185 21 -49 48 -115 61 -145 98
-234 164 -394 166 -407 2 -9 -13 -21 -43 -32 -69 -27 -107 -60 -136 -120 -24
-49 -28 -69 -31 -183 l-4 -128 748 2 749 3 -1 110 c-1 121 -12 175 -47 226
-24 36 -93 88 -118 89 -8 0 -23 6 -33 13 -19 14 -22 7 261 684 20 48 32 64 56
74 45 19 95 66 119 112 29 58 23 169 -12 221 -48 70 -141 112 -220 100 -61
-10 -130 -60 -163 -119 -24 -43 -27 -59 -24 -110 2 -33 7 -67 11 -76 5 -10
-17 -41 -71 -99 l-78 -83 -6 32 c-4 18 -10 121 -14 228 l-7 194 41 36 c86 73
109 184 59 281 -92 179 -361 162 -426 -27 -26 -74 -5 -192 41 -229 14 -12 9
-31 -45 -190 -34 -97 -64 -180 -67 -185 -4 -4 -17 21 -28 55 -12 35 -40 116
-62 181 l-40 117 31 50 c56 90 47 195 -25 277 -53 61 -149 93 -222 74z