
M945 2281 c-107 -27 -185 -126 -185 -234 0 -73 66 -181 121 -199 8
-3 8 -61 -1 -228 -7 -124 -14 -227 -16 -229 -2 -3 -14 6 -26 20 -11 13 -45 49
-75 80 l-54 56 12 59 c17 84 -4 147 -71 207 -84 75 -178 83 -269 23 -58 -39
-101 -118 -101 -186 0 -85 65 -180 145 -210 17 -6 33 -25 44 -52 42 -98 238
-569 267 -641 l23 -58 -25 -9 c-14 -6 -29 -10 -33 -10 -4 0 -28 -14 -54 -31
-33 -22 -54 -46 -74 -87 -25 -50 -28 -69 -31 -184 l-4 -128 748 2 749 3 -2
121 c-1 101 -5 130 -23 173 -28 63 -88 118 -147 133 -24 6 -43 15 -43 21 0 5
15 46 34 91 19 45 76 180 126 301 148 358 141 343 174 357 44 18 94 66 118
111 29 58 23 169 -12 221 -51 75 -157 119 -236 97 -63 -17 -120 -64 -150 -123
-22 -43 -25 -61 -21 -107 2 -31 7 -63 11 -72 5 -10 -17 -41 -71 -99 l-78 -83
-6 32 c-4 17 -10 119 -14 227 l-7 195 41 36 c57 48 84 104 84 174 0 149 -137
261 -280 229 -110 -24 -182 -113 -182 -225 -1 -62 22 -129 52 -153 14 -12 9
-31 -45 -190 -34 -97 -64 -180 -68 -185 -3 -4 -18 28 -32 70 -15 43 -43 124
-62 181 l-35 102 31 50 c56 90 47 195 -25 277 -53 61 -149 93 -222 74z m147
-81 c53 -35 84 -94 81 -157 -2 -44 -31 -103 -62 -126 -17 -11 -15 -21 29 -147
26 -74 69 -197 95 -273 27 -76 51 -134 55 -130 4 4 35 89 70 188 34 99 75 218
91 264 l30 84 -30 31 c-109 113 -30 296 129 296 73 0 126 -33 161 -102 42 -81
8 -188 -71 -225 -27 -12 -40 -24 -40 -39 0 -40 31 -598 33 -601 2 -1 41 37 87
85 46 48 108 112 137 142 l53 56 -20 39 c-36 70 -21 136 44 193 43 38 72 46
132 39 108 -12 179 -141 130 -236 -20 -38 -82 -91 -115 -97 -25 -5 -38 -32
-188 -392 l-160 -387 -34 2 c-19 0 -113 5 -209 10 -178 8 -563 1 -656 -12
l-50 -7 -89 213 c-171 413 -217 524 -225 546 -5 12 -21 24 -38 27 -45 10 -98
61 -118 112 -15 40 -16 53 -5 93 21 78 86 131 161 131 95 0 170 -73 170 -165
0 -29 -6 -59 -15 -71 -8 -10 -15 -24 -15 -31 0 -11 253 -285 269 -291 4 -1 13
127 20 285 7 158 14 298 17 310 3 18 -2 25 -29 36 -73 31 -117 122 -96 199 23
89 85 137 175 138 40 0 60 -6 96 -30z m663 -1558 c117 -25 135 -33 173 -76 39
-45 52 -91 52 -188 l0 -78 -695 0 -695 0 0 53 c0 29 5 80 11 113 31 172 156
205 739 199 275 -3 339 -6 415 -23z